 
Gaussian_NB
Accuracy Score: 0.127
Confusion Matrix: 
[[0 0 0 0 0 0 2 1 0 0 0 0 0 0 0 0 0]
 [0 2 1 0 0 0 2 1 1 0 0 0 0 0 1 1 0]
 [0 0 0 0 0 0 2 1 0 1 0 0 0 0 0 0 0]
 [0 0 0 0 0 0 0 1 0 0 0 0 0 0 1 0 0]
 [0 0 0 0 0 0 1 0 0 0 0 0 0 0 0 0 0]
 [0 1 1 0 0 1 2 0 3 0 0 0 1 0 0 0 0]
 [0 0 0 0 0 0 3 3 1 0 0 0 0 0 0 0 0]
 [0 0 0 0 0 0 4 0 0 0 0 0 0 0 0 0 0]
 [0 0 0 0 0 0 0 0 2 0 0 0 1 0 1 0 0]
 [0 0 0 0 0 1 1 0 1 0 0 0 1 0 0 0 0]
 [0 0 0 0 0 1 0 0 0 0 0 0 0 0 0 0 0]
 [0 0 0 0 0 0 0 0 0 0 0 0 1 0 1 0 0]
 [0 0 0 0 0 3 0 1 5 0 0 0 1 0 0 0 0]
 [0 0 0 0 0 1 0 0 0 0 0 0 0 0 0 0 0]
 [0 1 0 0 0 0 1 0 3 0 0 0 0 0 0 1 0]
 [0 2 0 0 0 0 1 0 0 0 0 0 0 0 0 0 0]
 [0 0 0 0 0 0 0 0 0 0 0 0 0 0 1 0 0]]

kNN
Accuracy Score: 0.113
Confusion Matrix: 
[[1 0 0 0 0 0 1 0 0 0 0 0 0 0 1 0 0]
 [2 3 0 0 0 0 2 0 0 0 0 0 1 0 1 0 0]
 [2 0 0 0 0 1 1 0 0 0 0 0 0 0 0 0 0]
 [0 0 1 0 0 0 0 0 0 0 0 0 0 0 1 0 0]
 [1 0 0 0 0 0 0 0 0 0 0 0 0 0 0 0 0]
 [2 1 0 0 0 0 0 1 0 0 0 0 4 0 0 1 0]
 [2 0 0 0 0 1 3 0 0 1 0 0 0 0 0 0 0]
 [0 0 0 1 0 0 2 0 0 0 0 0 1 0 0 0 0]
 [0 0 1 1 0 0 0 0 0 0 0 0 1 0 0 1 0]
 [2 1 0 0 0 1 0 0 0 0 0 0 0 0 0 0 0]
 [0 0 1 0 0 0 0 0 0 0 0 0 0 0 0 0 0]
 [0 0 0 0 0 0 1 0 0 0 0 0 0 0 1 0 0]
 [0 1 1 0 0 6 0 0 0 0 0 0 1 0 0 1 0]
 [0 0 0 0 0 1 0 0 0 0 0 0 0 0 0 0 0]
 [3 2 1 0 0 0 0 0 0 0 0 0 0 0 0 0 0]
 [0 1 0 0 0 0 1 0 0 0 0 0 1 0 0 0 0]
 [0 0 0 0 0 1 0 0 0 0 0 0 0 0 0 0 0]]

LDA
Accuracy Score: 0.155
Confusion Matrix: 
[[2 0 0 0 0 0 1 0 0 0 0 0 0 0 0 0 0]
 [0 2 0 0 0 0 1 1 0 0 0 2 0 0 3 0 0]
 [0 1 2 0 0 0 0 0 0 1 0 0 0 0 0 0 0]
 [0 0 0 0 0 0 0 0 0 0 0 0 0 0 2 0 0]
 [0 0 0 1 0 0 0 0 0 0 0 0 0 0 0 0 0]
 [0 1 1 2 0 2 0 0 1 0 0 0 0 1 0 1 0]
 [1 0 1 0 0 0 2 1 0 1 0 0 0 0 1 0 0]
 [0 2 0 0 0 0 0 0 0 0 1 0 0 0 1 0 0]
 [0 0 0 0 0 0 0 0 1 0 0 0 1 0 1 0 1]
 [0 1 0 1 0 0 0 0 0 0 0 0 1 0 0 1 0]
 [0 0 0 0 0 0 0 0 0 1 0 0 0 0 0 0 0]
 [0 0 0 0 0 0 0 0 0 0 0 0 0 0 2 0 0]
 [0 0 1 0 0 1 0 0 6 2 0 0 0 0 0 0 0]
 [0 0 1 0 0 0 0 0 0 0 0 0 0 0 0 0 0]
 [1 1 1 0 0 0 0 0 1 0 0 2 0 0 0 0 0]
 [0 1 0 0 0 0 1 0 0 0 0 0 0 0 1 0 0]
 [0 0 0 0 0 0 0 0 0 0 0 0 0 0 1 0 0]]

SVM
Accuracy Score: 0.169
Confusion Matrix: 
[[1 0 0 0 0 0 1 1 0 0 0 0 0 0 0 0 0]
 [3 2 1 0 0 1 0 0 0 0 0 1 0 0 1 0 0]
 [0 2 2 0 0 0 0 0 0 0 0 0 0 0 0 0 0]
 [0 0 0 0 0 0 0 1 0 0 0 0 0 0 1 0 0]
 [0 1 0 0 0 0 0 0 0 0 0 0 0 0 0 0 0]
 [0 0 0 0 1 2 2 0 0 0 1 1 1 0 0 0 1]
 [0 1 1 0 0 1 4 0 0 0 0 0 0 0 0 0 0]
 [1 2 0 0 0 0 0 0 0 0 0 0 1 0 0 0 0]
 [0 0 0 0 2 0 0 0 0 0 0 0 1 0 1 0 0]
 [0 1 0 0 0 0 0 0 0 0 0 0 2 0 0 0 1]
 [0 0 0 0 0 1 0 0 0 0 0 0 0 0 0 0 0]
 [0 1 0 0 0 0 0 0 0 0 0 0 0 0 1 0 0]
 [0 0 0 1 2 4 0 1 0 0 0 2 0 0 0 0 0]
 [0 0 0 0 0 1 0 0 0 0 0 0 0 0 0 0 0]
 [1 0 0 1 0 1 0 1 0 0 0 0 0 0 1 1 0]
 [0 1 0 0 0 1 1 0 0 0 0 0 0 0 0 0 0]
 [0 0 0 0 0 0 0 0 0 1 0 0 0 0 0 0 0]]

Decision Tree
Accuracy Score: 0.141
Confusion Matrix: 
[[0 2 0 0 0 0 1 0 0 0 0 0 0 0 0 0 0]
 [0 2 0 0 0 0 0 0 0 4 0 0 0 0 2 1 0]
 [0 0 1 0 0 0 1 0 0 0 0 0 0 0 2 0 0]
 [0 1 0 0 0 0 0 0 0 0 0 0 0 0 1 0 0]
 [0 1 0 0 0 0 0 0 0 0 0 0 0 0 0 0 0]
 [0 0 2 0 0 2 1 0 0 0 0 0 1 1 0 2 0]
 [0 1 1 0 0 1 3 0 0 0 0 0 0 0 1 0 0]
 [0 1 1 0 0 1 0 0 0 0 0 0 0 0 1 0 0]
 [0 1 0 0 0 0 0 0 1 0 0 0 1 0 0 0 1]
 [0 0 1 0 0 0 0 0 0 0 0 0 1 0 2 0 0]
 [0 0 1 0 0 0 0 0 0 0 0 0 0 0 0 0 0]
 [0 1 0 0 0 1 0 0 0 0 0 0 0 0 0 0 0]
 [0 0 2 0 0 2 0 0 3 1 0 0 1 0 0 0 1]
 [0 0 0 0 0 0 0 0 0 0 0 0 1 0 0 0 0]
 [0 2 1 0 0 0 0 0 1 0 0 0 0 0 0 2 0]
 [1 0 0 0 0 0 1 0 0 0 0 0 0 0 1 0 0]
 [0 0 0 0 0 1 0 0 0 0 0 0 0 0 0 0 0]]

Random Forest
Accuracy Score: 0.169
Confusion Matrix: 
[[0 0 0 0 0 0 3 0 0 0 0 0 0 0 0 0 0]
 [0 4 0 0 0 0 2 1 0 0 0 0 0 0 1 1 0]
 [0 0 0 0 0 0 1 1 0 0 0 0 1 0 1 0 0]
 [0 1 0 0 0 0 0 0 0 0 0 0 0 0 1 0 0]
 [0 0 0 0 0 0 0 0 0 0 0 0 1 0 0 0 0]
 [0 0 2 0 0 2 2 1 1 0 0 0 0 1 0 0 0]
 [0 2 0 0 0 1 3 1 0 0 0 0 0 0 0 0 0]
 [0 2 0 0 0 1 0 0 0 0 0 0 1 0 0 0 0]
 [0 0 0 0 0 0 0 0 2 0 0 0 1 0 1 0 0]
 [0 0 1 0 0 1 1 0 0 0 0 0 1 0 0 0 0]
 [0 0 1 0 0 0 0 0 0 0 0 0 0 0 0 0 0]
 [0 1 0 0 0 1 0 0 0 0 0 0 0 0 0 0 0]
 [0 0 1 0 0 3 0 0 6 0 0 0 0 0 0 0 0]
 [0 0 0 0 0 1 0 0 0 0 0 0 0 0 0 0 0]
 [0 1 1 0 0 0 0 0 1 0 0 0 0 0 1 2 0]
 [0 1 0 0 0 0 2 0 0 0 0 0 0 0 0 0 0]
 [0 0 0 0 0 1 0 0 0 0 0 0 0 0 0 0 0]]

Extra Trees
Accuracy Score: 0.169
Confusion Matrix: 
[[1 0 0 0 0 0 2 0 0 0 0 0 0 0 0 0 0]
 [0 2 0 0 0 0 3 1 0 1 0 0 0 0 1 1 0]
 [0 0 1 0 0 1 2 0 0 0 0 0 0 0 0 0 0]
 [0 0 0 0 0 0 0 1 0 0 0 0 0 0 1 0 0]
 [0 0 0 1 0 0 0 0 0 0 0 0 0 0 0 0 0]
 [0 1 2 0 0 3 0 0 2 0 0 0 0 1 0 0 0]
 [1 1 1 0 0 0 3 1 0 0 0 0 0 0 0 0 0]
 [0 1 0 0 0 1 2 0 0 0 0 0 0 0 0 0 0]
 [0 0 0 0 0 0 0 0 2 0 0 0 1 0 1 0 0]
 [0 2 0 0 0 0 0 0 0 0 0 0 1 0 0 0 1]
 [0 0 1 0 0 0 0 0 0 0 0 0 0 0 0 0 0]
 [0 0 0 0 0 2 0 0 0 0 0 0 0 0 0 0 0]
 [0 0 1 0 0 2 0 0 6 1 0 0 0 0 0 0 0]
 [0 0 0 0 0 1 0 0 0 0 0 0 0 0 0 0 0]
 [1 1 1 1 0 0 0 0 1 0 0 0 0 0 0 1 0]
 [0 1 0 0 0 0 1 0 0 0 0 0 0 0 1 0 0]
 [0 0 0 0 0 1 0 0 0 0 0 0 0 0 0 0 0]]

Neural Network
Accuracy Score: 0.113
Confusion Matrix: 
[[1 1 0 0 0 0 1 0 0 0 0 0 0 0 0 0 0]
 [2 1 1 1 0 0 1 0 0 0 0 0 0 0 1 2 0]
 [0 0 2 0 0 1 0 0 0 0 0 0 0 0 1 0 0]
 [0 0 0 0 0 0 0 1 0 0 0 0 0 0 1 0 0]
 [0 0 0 1 0 0 0 0 0 0 0 0 0 0 0 0 0]
 [0 1 0 0 0 0 2 0 1 0 1 1 1 0 0 0 2]
 [1 2 0 0 0 1 3 0 0 0 0 0 0 0 0 0 0]
 [0 0 0 0 0 1 0 0 0 0 1 0 0 0 2 0 0]
 [0 0 0 0 0 1 0 0 1 0 0 0 2 0 0 0 0]
 [0 2 0 0 0 0 0 0 0 0 0 0 1 0 0 0 1]
 [0 0 0 0 0 0 0 1 0 0 0 0 0 0 0 0 0]
 [0 0 0 0 0 1 1 0 0 0 0 0 0 0 0 0 0]
 [0 0 0 1 0 6 0 0 2 0 0 1 0 0 0 0 0]
 [0 0 0 0 0 1 0 0 0 0 0 0 0 0 0 0 0]
 [1 1 0 1 0 0 0 1 1 0 0 1 0 0 0 0 0]
 [0 1 0 0 0 0 1 0 0 0 0 0 0 0 1 0 0]
 [0 0 0 0 0 0 0 0 0 1 0 0 0 0 0 0 0]]
